 0.590	 0.983	 0.805	 0.763	 1.013	 0.874	 0.825	 0.939	 1.001	 0.796	 0.788	 0.903	 0.888	 0.906	 0.911	 0.734	 0.713	 0.735	 0.958	 0.838	 4.590	 4.342	 4.292	 4.432	 4.410	 4.190	 4.523	 4.433	 4.506	 4.256	 4.354	 4.502	 4.471	 4.421	 4.383	 4.416	 4.300	 3.931	 4.419	 4.557	
 0.407	 0.689	 0.909	 0.932	 0.845	 0.906	 0.925	 0.910	 0.887	 0.892	 0.957	 0.937	 0.933	 0.938	 0.896	 0.892	 0.891	 0.918	 0.914	 0.884	 4.654	 4.440	 4.394	 4.528	 4.507	 4.305	 4.591	 4.521	 4.565	 4.367	 4.459	 4.561	 4.553	 4.517	 4.479	 4.502	 4.408	 3.985	 4.505	 4.634	
 0.401	 0.387	 0.574	 0.704	 0.945	 0.906	 0.810	 0.966	 0.998	 0.837	 0.713	 0.956	 0.952	 0.925	 0.883	 0.718	 0.683	 0.706	 0.946	 0.844	 4.427	 4.187	 4.137	 4.276	 4.258	 4.047	 4.364	 4.278	 4.337	 4.103	 4.202	 4.334	 4.319	 4.271	 4.228	 4.260	 4.155	 3.732	 4.262	 4.392	
 0.391	 0.382	 0.365	 0.534	 0.983	 0.901	 0.794	 0.975	 1.017	 0.823	 0.683	 0.953	 0.945	 0.926	 0.886	 0.689	 0.651	 0.672	 0.956	 0.833	 4.411	 4.164	 4.113	 4.254	 4.236	 4.021	 4.348	 4.257	 4.322	 4.078	 4.177	 4.319	 4.299	 4.249	 4.206	 4.240	 4.130	 3.714	 4.242	 4.373	
 0.354	 0.409	 0.348	 0.327	 0.613	 0.839	 0.944	 0.838	 0.854	 0.883	 1.015	 0.912	 0.903	 0.920	 0.889	 0.933	 0.945	 0.972	 0.881	 0.890	 4.675	 4.473	 4.429	 4.561	 4.537	 4.337	 4.610	 4.549	 4.589	 4.405	 4.494	 4.583	 4.576	 4.544	 4.511	 4.529	 4.438	 4.035	 4.534	 4.664	
 0.357	 0.386	 0.333	 0.344	 0.418	 0.631	 0.886	 0.825	 0.851	 0.799	 0.935	 0.851	 0.830	 0.891	 0.888	 0.850	 0.856	 0.883	 0.861	 0.830	 4.644	 4.423	 4.378	 4.513	 4.488	 4.276	 4.576	 4.505	 4.561	 4.349	 4.441	 4.555	 4.534	 4.495	 4.462	 4.486	 4.382	 4.014	 4.491	 4.627	
 0.409	 0.406	 0.409	 0.405	 0.363	 0.361	 0.662	 0.927	 0.942	 0.821	 0.818	 0.907	 0.899	 0.904	 0.885	 0.764	 0.743	 0.768	 0.928	 0.833	 4.623	 4.385	 4.336	 4.475	 4.455	 4.242	 4.558	 4.474	 4.535	 4.303	 4.400	 4.531	 4.512	 4.466	 4.426	 4.456	 4.350	 3.945	 4.459	 4.592	
 0.381	 0.417	 0.371	 0.372	 0.431	 0.424	 0.389	 0.664	 0.853	 0.834	 1.015	 0.860	 0.847	 0.901	 0.904	 0.906	 0.918	 0.944	 0.879	 0.862	 4.763	 4.548	 4.504	 4.638	 4.612	 4.404	 4.695	 4.627	 4.680	 4.477	 4.567	 4.673	 4.655	 4.619	 4.587	 4.609	 4.508	 4.134	 4.613	 4.749	
 0.359	 0.407	 0.336	 0.343	 0.333	 0.426	 0.382	 0.400	 0.640	 0.856	 1.054	 0.852	 0.839	 0.901	 0.872	 0.933	 0.949	 0.979	 0.843	 0.820	 4.858	 4.646	 4.600	 4.735	 4.711	 4.506	 4.793	 4.725	 4.772	 4.573	 4.665	 4.766	 4.755	 4.719	 4.684	 4.706	 4.610	 4.206	 4.710	 4.842	
 0.371	 0.397	 0.373	 0.369	 0.362	 0.377	 0.385	 0.395	 0.393	 0.593	 0.859	 0.822	 0.807	 0.849	 0.852	 0.764	 0.758	 0.785	 0.860	 0.783	 4.703	 4.470	 4.423	 4.560	 4.537	 4.323	 4.635	 4.556	 4.618	 4.391	 4.486	 4.613	 4.590	 4.546	 4.510	 4.538	 4.430	 4.051	 4.542	 4.678	
 0.414	 0.401	 0.377	 0.358	 0.341	 0.363	 0.426	 0.389	 0.376	 0.392	 0.546	 0.997	 0.990	 0.960	 0.917	 0.717	 0.674	 0.695	 0.989	 0.872	 4.345	 4.096	 4.045	 4.185	 4.168	 3.954	 4.282	 4.190	 4.255	 4.009	 4.109	 4.253	 4.233	 4.182	 4.138	 4.173	 4.063	 3.641	 4.174	 4.305	
 0.401	 0.419	 0.406	 0.411	 0.365	 0.397	 0.413	 0.407	 0.431	 0.395	 0.428	 0.667	 0.833	 0.889	 0.897	 0.875	 0.882	 0.907	 0.883	 0.841	 4.832	 4.609	 4.563	 4.699	 4.673	 4.462	 4.764	 4.691	 4.748	 4.533	 4.626	 4.743	 4.721	 4.682	 4.648	 4.673	 4.568	 4.194	 4.677	 4.813	
 0.394	 0.413	 0.390	 0.401	 0.375	 0.412	 0.404	 0.409	 0.440	 0.394	 0.418	 0.418	 0.649	 0.883	 0.890	 0.865	 0.871	 0.898	 0.874	 0.827	 4.833	 4.609	 4.562	 4.699	 4.673	 4.461	 4.765	 4.691	 4.750	 4.533	 4.626	 4.744	 4.722	 4.682	 4.648	 4.673	 4.567	 4.196	 4.677	 4.814	
 0.409	 0.430	 0.422	 0.415	 0.396	 0.371	 0.422	 0.401	 0.404	 0.388	 0.440	 0.415	 0.402	 0.710	 0.907	 0.864	 0.863	 0.888	 0.920	 0.865	 4.776	 4.549	 4.503	 4.639	 4.616	 4.405	 4.709	 4.633	 4.690	 4.472	 4.566	 4.685	 4.666	 4.625	 4.589	 4.615	 4.511	 4.123	 4.619	 4.753	
 0.399	 0.421	 0.389	 0.390	 0.388	 0.376	 0.405	 0.398	 0.434	 0.377	 0.410	 0.421	 0.415	 0.423	 0.687	 0.838	 0.832	 0.858	 0.902	 0.840	 4.713	 4.487	 4.439	 4.576	 4.555	 4.347	 4.649	 4.572	 4.625	 4.409	 4.504	 4.621	 4.607	 4.566	 4.527	 4.554	 4.453	 4.041	 4.557	 4.688	
 0.373	 0.371	 0.353	 0.343	 0.325	 0.334	 0.384	 0.363	 0.341	 0.354	 0.351	 0.394	 0.385	 0.393	 0.369	 0.523	 0.635	 0.661	 0.903	 0.775	 4.569	 4.324	 4.273	 4.413	 4.395	 4.179	 4.505	 4.416	 4.480	 4.238	 4.337	 4.477	 4.457	 4.407	 4.365	 4.398	 4.289	 3.877	 4.401	 4.533	
 0.371	 0.361	 0.346	 0.331	 0.309	 0.327	 0.385	 0.359	 0.322	 0.356	 0.341	 0.396	 0.388	 0.394	 0.364	 0.320	 0.471	 0.621	 0.909	 0.765	 4.544	 4.295	 4.243	 4.384	 4.367	 4.151	 4.481	 4.388	 4.454	 4.207	 4.308	 4.452	 4.432	 4.380	 4.336	 4.371	 4.261	 3.841	 4.373	 4.505	
 0.381	 0.378	 0.367	 0.352	 0.327	 0.332	 0.399	 0.367	 0.328	 0.364	 0.360	 0.403	 0.393	 0.406	 0.379	 0.337	 0.329	 0.516	 0.936	 0.794	 4.543	 4.293	 4.242	 4.383	 4.365	 4.149	 4.480	 4.387	 4.453	 4.205	 4.306	 4.451	 4.430	 4.379	 4.335	 4.370	 4.259	 3.842	 4.372	 4.503	
 0.397	 0.402	 0.398	 0.407	 0.340	 0.403	 0.407	 0.396	 0.456	 0.395	 0.428	 0.430	 0.428	 0.411	 0.419	 0.384	 0.384	 0.392	 0.693	 0.859	 4.716	 4.501	 4.456	 4.590	 4.566	 4.359	 4.649	 4.581	 4.631	 4.429	 4.520	 4.625	 4.610	 4.574	 4.540	 4.562	 4.463	 4.074	 4.566	 4.699	
 0.366	 0.374	 0.353	 0.363	 0.316	 0.370	 0.373	 0.368	 0.443	 0.361	 0.378	 0.394	 0.397	 0.375	 0.385	 0.341	 0.341	 0.350	 0.409	 0.609	 4.735	 4.503	 4.455	 4.593	 4.571	 4.359	 4.670	 4.589	 4.648	 4.423	 4.519	 4.644	 4.625	 4.582	 4.543	 4.572	 4.467	 4.064	 4.575	 4.708	
 0.411	 0.433	 0.354	 0.372	 0.290	 0.449	 0.430	 0.425	 0.504	 0.398	 0.359	 0.450	 0.433	 0.430	 0.453	 0.384	 0.365	 0.369	 0.508	 0.436	 0.526	 0.738	 0.785	 0.718	 0.734	 0.788	 0.668	 0.705	 0.696	 0.817	 0.751	 0.707	 0.686	 0.703	 0.737	 0.710	 0.748	 1.188	 0.710	 0.658	
 0.430	 0.448	 0.365	 0.383	 0.307	 0.466	 0.448	 0.437	 0.522	 0.416	 0.375	 0.468	 0.454	 0.449	 0.473	 0.399	 0.381	 0.383	 0.525	 0.462	 0.345	 0.466	 0.601	 0.609	 0.635	 0.550	 0.724	 0.643	 0.721	 0.583	 0.571	 0.740	 0.671	 0.620	 0.626	 0.652	 0.572	 0.972	 0.642	 0.657	
 0.430	 0.443	 0.359	 0.377	 0.297	 0.463	 0.446	 0.432	 0.519	 0.413	 0.370	 0.465	 0.452	 0.446	 0.470	 0.396	 0.377	 0.378	 0.522	 0.460	 0.369	 0.335	 0.494	 0.632	 0.663	 0.572	 0.772	 0.674	 0.758	 0.573	 0.583	 0.778	 0.717	 0.656	 0.644	 0.682	 0.600	 0.948	 0.673	 0.691	
 0.418	 0.435	 0.349	 0.367	 0.288	 0.455	 0.436	 0.425	 0.512	 0.403	 0.359	 0.457	 0.443	 0.437	 0.462	 0.385	 0.366	 0.368	 0.515	 0.450	 0.372	 0.318	 0.339	 0.492	 0.643	 0.622	 0.717	 0.645	 0.710	 0.625	 0.599	 0.730	 0.672	 0.630	 0.634	 0.656	 0.618	 1.025	 0.651	 0.632	
 0.421	 0.439	 0.358	 0.376	 0.296	 0.457	 0.439	 0.428	 0.513	 0.406	 0.366	 0.459	 0.445	 0.439	 0.464	 0.391	 0.373	 0.375	 0.516	 0.452	 0.357	 0.320	 0.339	 0.341	 0.523	 0.626	 0.720	 0.661	 0.732	 0.659	 0.631	 0.745	 0.672	 0.639	 0.658	 0.670	 0.625	 1.066	 0.670	 0.669	
 0.416	 0.432	 0.348	 0.366	 0.291	 0.455	 0.432	 0.423	 0.509	 0.401	 0.355	 0.456	 0.443	 0.434	 0.460	 0.383	 0.364	 0.365	 0.513	 0.451	 0.303	 0.296	 0.294	 0.261	 0.267	 0.353	 0.748	 0.649	 0.763	 0.529	 0.557	 0.774	 0.672	 0.605	 0.616	 0.651	 0.488	 0.984	 0.650	 0.710	
 0.415	 0.433	 0.360	 0.379	 0.291	 0.449	 0.432	 0.425	 0.502	 0.400	 0.365	 0.451	 0.434	 0.430	 0.454	 0.390	 0.372	 0.375	 0.507	 0.439	 0.339	 0.347	 0.371	 0.370	 0.358	 0.304	 0.517	 0.694	 0.698	 0.804	 0.740	 0.703	 0.663	 0.682	 0.730	 0.696	 0.715	 1.196	 0.699	 0.676	
 0.418	 0.436	 0.356	 0.374	 0.293	 0.454	 0.436	 0.426	 0.510	 0.404	 0.363	 0.456	 0.441	 0.436	 0.461	 0.389	 0.370	 0.373	 0.514	 0.447	 0.349	 0.322	 0.344	 0.346	 0.346	 0.273	 0.350	 0.521	 0.704	 0.679	 0.643	 0.719	 0.661	 0.639	 0.661	 0.662	 0.640	 1.070	 0.665	 0.651	
 0.399	 0.424	 0.339	 0.356	 0.273	 0.437	 0.419	 0.414	 0.496	 0.386	 0.345	 0.439	 0.421	 0.421	 0.444	 0.370	 0.349	 0.353	 0.500	 0.424	 0.332	 0.351	 0.371	 0.377	 0.367	 0.325	 0.338	 0.359	 0.545	 0.785	 0.733	 0.695	 0.699	 0.706	 0.726	 0.706	 0.736	 1.099	 0.712	 0.667	
 0.429	 0.444	 0.355	 0.373	 0.299	 0.465	 0.446	 0.433	 0.522	 0.414	 0.367	 0.467	 0.455	 0.448	 0.472	 0.393	 0.374	 0.375	 0.525	 0.462	 0.366	 0.329	 0.360	 0.324	 0.330	 0.305	 0.367	 0.337	 0.367	 0.446	 0.564	 0.806	 0.735	 0.658	 0.638	 0.690	 0.581	 0.914	 0.678	 0.705	
 0.421	 0.437	 0.351	 0.369	 0.290	 0.458	 0.439	 0.426	 0.514	 0.406	 0.361	 0.459	 0.446	 0.439	 0.465	 0.388	 0.368	 0.370	 0.517	 0.454	 0.366	 0.338	 0.359	 0.334	 0.335	 0.281	 0.366	 0.340	 0.373	 0.342	 0.462	 0.754	 0.682	 0.621	 0.619	 0.656	 0.572	 0.981	 0.643	 0.659	
 0.398	 0.420	 0.337	 0.356	 0.267	 0.434	 0.417	 0.410	 0.491	 0.382	 0.344	 0.436	 0.417	 0.417	 0.440	 0.369	 0.348	 0.353	 0.496	 0.421	 0.326	 0.350	 0.373	 0.377	 0.371	 0.331	 0.336	 0.359	 0.362	 0.372	 0.372	 0.558	 0.704	 0.719	 0.743	 0.719	 0.748	 1.124	 0.728	 0.688	
 0.395	 0.418	 0.336	 0.354	 0.273	 0.437	 0.414	 0.410	 0.492	 0.382	 0.340	 0.437	 0.421	 0.415	 0.441	 0.367	 0.348	 0.350	 0.496	 0.426	 0.324	 0.333	 0.351	 0.356	 0.353	 0.291	 0.328	 0.343	 0.348	 0.351	 0.350	 0.352	 0.507	 0.639	 0.684	 0.666	 0.651	 1.159	 0.673	 0.666	
 0.413	 0.431	 0.351	 0.369	 0.288	 0.451	 0.431	 0.422	 0.506	 0.399	 0.357	 0.452	 0.438	 0.431	 0.457	 0.384	 0.365	 0.367	 0.510	 0.445	 0.344	 0.318	 0.335	 0.336	 0.337	 0.271	 0.347	 0.336	 0.359	 0.328	 0.332	 0.360	 0.340	 0.489	 0.644	 0.647	 0.599	 1.095	 0.648	 0.653	
 0.422	 0.436	 0.353	 0.371	 0.291	 0.457	 0.438	 0.427	 0.512	 0.406	 0.362	 0.459	 0.445	 0.439	 0.463	 0.389	 0.369	 0.371	 0.516	 0.451	 0.364	 0.308	 0.334	 0.334	 0.334	 0.263	 0.360	 0.337	 0.370	 0.318	 0.325	 0.372	 0.347	 0.327	 0.512	 0.667	 0.622	 1.024	 0.667	 0.657	
 0.417	 0.434	 0.354	 0.373	 0.290	 0.453	 0.434	 0.425	 0.508	 0.402	 0.362	 0.454	 0.439	 0.434	 0.459	 0.388	 0.369	 0.371	 0.512	 0.445	 0.346	 0.314	 0.339	 0.340	 0.341	 0.274	 0.348	 0.341	 0.358	 0.330	 0.331	 0.358	 0.340	 0.333	 0.338	 0.527	 0.645	 1.071	 0.672	 0.657	
 0.413	 0.429	 0.347	 0.366	 0.286	 0.452	 0.430	 0.421	 0.506	 0.398	 0.355	 0.453	 0.439	 0.431	 0.457	 0.382	 0.363	 0.365	 0.510	 0.447	 0.328	 0.320	 0.328	 0.304	 0.306	 0.310	 0.333	 0.308	 0.348	 0.326	 0.323	 0.351	 0.321	 0.309	 0.301	 0.307	 0.434	 1.040	 0.641	 0.684	
 0.467	 0.493	 0.398	 0.408	 0.351	 0.497	 0.493	 0.475	 0.566	 0.457	 0.416	 0.503	 0.486	 0.495	 0.511	 0.431	 0.409	 0.414	 0.566	 0.490	 0.318	 0.320	 0.283	 0.287	 0.334	 0.254	 0.326	 0.321	 0.281	 0.274	 0.298	 0.282	 0.322	 0.314	 0.285	 0.305	 0.288	 0.428	 1.048	 1.061	
 0.433	 0.452	 0.375	 0.392	 0.314	 0.468	 0.451	 0.441	 0.523	 0.419	 0.382	 0.469	 0.455	 0.451	 0.475	 0.406	 0.388	 0.390	 0.526	 0.462	 0.355	 0.330	 0.349	 0.345	 0.341	 0.284	 0.358	 0.338	 0.350	 0.343	 0.348	 0.349	 0.339	 0.336	 0.335	 0.334	 0.320	 0.340	 0.529	 0.660	
 0.418	 0.435	 0.351	 0.370	 0.285	 0.453	 0.436	 0.425	 0.510	 0.403	 0.361	 0.455	 0.439	 0.436	 0.459	 0.386	 0.366	 0.369	 0.514	 0.444	 0.341	 0.285	 0.312	 0.325	 0.321	 0.248	 0.339	 0.322	 0.333	 0.301	 0.300	 0.332	 0.322	 0.309	 0.327	 0.327	 0.275	 0.275	 0.313	 0.467	
