61  135 4.72 0.22 4.7  0.28 % 2LZM
61  86  3.75 0.20 4.2  0.38 % 2LZM
61  80  3.40 0.22 3.1  0.44 % 2LZM
65  80  2.62 0.38 2.4  0.42 % 2LZM
65  135 4.63 0.22 4.4  0.26 % 2LZM
65  86  3.74 0.27 3.6  0.38 % 2LZM
65  76  2.14 0.28 1.9  0.40 % 2LZM
59  159 4.19 0.27 4.0  0.36 % 2LZM
%60  90  3.78 0.45 4.4  0.27 % 2LZM ###
%60  94  2.55 0.31 3.3  0.36 % 2LZM ###
%60  109 3.52 0.26 3.5  0.37 % 2LZM 
%60  154 3.41 0.25 3.8  0.31 % 2LZM ***
62  134 4.11 0.15 4.4  0.12 % 2LZM 
64  122 3.41 0.25 3.8  0.29 % 2LZM
80  135 3.68 0.10 3.3  0.33 % 2LZM
119 131 2.50 0.50 1.9  0.38 % 2LZM ###
123 131 2.30 0.50 2.0  0.37 % 2LZM
116 131 1.90 1.00 1.7  0.30 % 2LZM
119 128 1.90 0.40 1.6  0.40 % 2LZM
140 151 1.80 0.90 2.1  0.41 % 2LZM
89  93  1.60 0.30 1.8  0.45 % 2LZM
86  119 1.50 0.30 1.6  0.50 % 2LZM
120 131 1.40 0.30 1.4  0.27 % 2LZM
127 151 1.40 0.24 1.6  0.37 % 2LZM
82  94  3.07 0.33 3.1  0.35 % 2LZM
82  132 2.63 0.35 2.6  0.26 % 2LZM
82  155 3.58 0.25 3.5  0.28 % 2LZM
83  123 2.05 0.34 1.9  0.48 % 2LZM
93  112 2.61 0.15 3.0  0.29 % 2LZM
93  123 2.48 0.23 2.5  0.39 % 2LZM
93  154 2.51 0.24 2.3  0.31 % 2LZM
94  132 3.17 0.13 2.9  0.05 % 2LZM
108 155 3.52 0.23 3.4  0.20 % 2LZM
109 134 3.06 0.28 2.8  0.33 % 2LZM
115 155 2.82 0.24 2.9  0.24 % 2LZM
116 134 2.02 0.15 1.8  0.27 % 2LZM
46  46  6.0  -1   5.65 0.47 % 1TZY C/G
49  49  6.3  -1   6.11 0.29 % 1TZY C/G
65  65  7.0  -1   7.24 0.30 % 1TZY C/G
76  76  6.8  -1   6.79 0.29 % 1TZY C/G
90  90  5.7  -1   5.71 0.34 % 1TZY C/G
125 125 2.9  -1   2.63 0.40 % 1TZY C/G
25  25  7.3  -1   6.98 0.21 % 1TZY D/H
30  30  6.6  -1   6.27 0.30 % 1TZY D/H
45  45  3.5  -1   3.63 0.45 % 1TZY D/H
47  47  3.5  -1   3.13 0.31 % 1TZY D/H ***
49  49  4.5  -1   3.69 0.54 % 1TZY D/H ###
60  60  3.9  -1   3.51 0.48 % 1TZY D/H
63  63  4.0  -1   4.29 0.46 % 1TZY D/H
67  67  4.5  -1   3.69 0.42 % 1TZY D/H
71  71  4.5  -1   4.19 0.46 % 1TZY D/H
82  82  5.3  -1   4.48 0.32 % 1TZY D/H ###

